D0        40        50         0   
S1        10        35        20  
S2        65        55        20  
C1          5        35        10   
C2        22        75        30 
C3        60        80        10  
C4        45        30        10    
C5        28        55        10  
C6        25        52        40   
C7        48        40        10   
C8          0        40        30  
C9        18        75        20  
C10      55        80        10  
C11      35        69        10  
C12      22        85        10   
C13        0        45        20  
C14      30        32        30 
C15      23        55        20  
C16      53        35        50  
C17      65        82        10   
C18      15        75        20   
C19      45        35        10   
C20        8        45        20   
F1        40        50          0  
F2       18        58           0   
Trucks' capacity    500
EVs' capacity    100
EVs' battery capaicty    70