D0        40       50           0
S1        15        75           0
S2        68        60           0
C1        55        85        20
C2        60        60        10
C3        20        85        40
C4        25        55        10
C5        85        35        30
C6        48        40        10
C7        45        70        30
C8        40        69        20
C9        25        50        10
C10      50        30        10
C11      20        80        40
C12      60        85        30
C13      30        52        20
C14      60        55        10
C15      75        55        20
C16      10        40        30
C17      38        70        10
C18      65        82        10
C19        0        45        20
C20      26        32        10
F1        18        58          0
F2        74        32          0
Trucks' capacity    500
EVs' capacity    100
EVs' battery capaicty    70