D0        40        50         0   
S1        22        75          0   
S2        50        35          0  
C1        18        75        20  
C2        40        15        40   
C3        38          5        30 
C4        25        55        10 
C5        22        85        10  
C6        25        50        10  
C7        35        69        10  
C8        32        30        10   
C9        63        58        10 
C10      30        50        10 
C11      72        55        10  
C12      45        30        10 
C13      35          5        20  
C14      50        30        10  
C15      67        85        20  
C16      40        69        20   
C17      60        55        10   
C18      60        80        10   
C19      28        35        10   
C20      42        65        10    
F1        55        79          0    
F2        26        37          0
Trucks' capacity    500
EVs' capacity    100
EVs' battery capaicty    70    