D0         40        50         0   
S1         28        35          0     
S2         66        55          0   
C1         45        68        10      
C2         30        50        10      
C3         35        32        10     
C4          0         45        20    
C5         38        70        10   
C6           8        45        20   
C7         55        80        10   
C8         25        52        40   
C9         45        70        30   
C10       50        35        20   
C11       40        66        20  
C12       75        55        20   
C13       33        35        10    
C14       65        60        30     
C15       30        32        30     
C16       70        58        20          
C17       45        30        10        
C18         5        35        10      
C19       40        75        20      
C20       60        60        10   
F1         55        79          0     
F2         13        31          0  
Trucks' capacity    500
EVs' capacity    100
EVs' battery capaicty    70