D0          40        50         0      
S1            8        45          0   
S2          58        75          0   
C1          68        60        30  
C2          35        32        10  
C3          72        55        10 
C4          65        60        30 
C5          48        30        10 
C6          25        52        40 
C7          30        52        20  
C8          25        85        20  
C9          45        70        30 
C10        28        55        10  
C11        42        66        10  
C12          0        45        20  
C13        38        68        20 
C14        22        75        30  
C15        26        32        10  
C16        45        30        10  
C17        23        55        20   
C18        25        50        10   
C19        66        55        10    
C20        23        52        10   
F1          40        50          0        
F2          18        58          0    
Trucks' capacity    500
EVs' capacity    100
EVs' battery capaicty    70