D0         40        50          0      
S1          58        70          0     
S2          25        30          0  
C1          55        85        20    
C2          44          5        20   
C3          47        40        10   
C4          18        75        20    
C5          30        56        20  
C6            5        45        10   
C7          58        75        20   
C8          33        32        20   
C9          50        35        20    
C10        55        80        10  
C11        85        35        30  
C12        38          5        30   
C13        86        46        30   
C14        65        60        30   
C15        64        46        20   
C16        34        25        30     
C17        40          5        30        
C18        62        40        10            
C19         8         62        10        
C20        25        85        20       
F1          73        52          0           
F2          18        58          0 
Trucks' capacity    500
EVs' capacity    100
EVs' battery capaicty    70      