D0           1250	1750               0    
S1            1290	1890	      0
S2            1390	1820	      0
C1            1510	2640	1100  
C2            1590	2610	  700  
C3            1300	2540	  800  
C4            1280	2520	1400  
C5            1630	2470	2100  
C6            1460	2460	  400  
C7            1610	2420	  800  
C8            1420	2390	  100  
C9            1630	2360	  500  
C10          1480	2320	  600  
C11          1280	2310	1200  
C12          1560	2170	1300  
C13          1290	2140	1300   
C14          1640	2080	  900  
C15          1410	2060	2100  
C16          1470	1930	1000  
C17          1640	1930	  900  
C18          1290	1890	2500  
C19          1550	1850	1800  
C20          1390	1820	  700
F1             1250	1750               0
F2             1510	2650               0
Trucks' capacity    15000
EVs' capacity    6000
EVs' battery capacity    880    