D0         40        50          0     
S1          20        80          0   
S2          75        55          0     
C1          28        52        20 
C2          38        15        10  
C3            2        40        20  
C4          10        40        30   
C5          23        52        10   
C6            0        40        30   
C7          90        35        10   
C8          30        52        20   
C9          33        32        20   
C10        50        30        10   
C11        38          5        30   
C12        20        55        10   
C13        30        30        10   
C14        85        25        10 
C15        60        55        10 
C16        45        35        10 
C17        45        70        30  
C18        10        35        20 
C19        85        35        30 
C20        63        58        10  
F1          26        37          0  
F2          59        17          0 
Trucks' capacity    500
EVs' capacity    100
EVs' battery capaicty    70 