D0        40       50          0     
S1        20        85          0    
S2        58        75          0   
C1        65        60        30  
C2        28        35        10  
C3          2        40        20   
C4        55        80        10   
C5        63        58        10  
C6          8        45        20  
C7          5        35        10  
C8        30        35        10  
C9        95        35        20  
C10      10        35        20  
C11      33        32        20  
C12      23        52        10 
C13      35        66        10  
C14      35        30        10  
C15      92        30        10  
C16      26        32        10  
C17      20        55        10   
C18        0        45        20   
C19      60        55        10   
C20      68        60        30  
F1        73        52          0   
F2        18        58          0 
Trucks' capacity    500
EVs' capacity    100
EVs' battery capaicty    70