D0          40        50         0    
S1           86        46         0    
S2           25        35         0   
C1          14        66        10   
C2          64        46        20   
C3          44        25        10   
C4          25        50        10  
C5          92        30        10   
C6          95        35        20   
C7          72        45        10   
C8          87        30        10  
C9          50        30        10   
C10        36        18        10   
C11        70        58        20   
C12        22        66        40   
C13        60        66        10 
C14        45        35        10  
C15        28        70        10   
C16        62        69        10   
C17        66        55        10   
C18        55        80        10   
C19        16        42        20  
C20          8        40        40  
F1          73        52          0  
F2          18        58          0
Trucks' capacity    500
EVs' capacity    100
EVs' battery capaicty    70  