D0        40        50         0    
S1        25        35          0     
S2        62        80          0    
C1        45        65        20   
C2        20        55        10   
C3        42        65        10    
C4        18        75        20     
C5        88        35        20     
C6        48        30        10    
C7        40          5        30     
C8        38        68        20    
C9        25        52        40      
C10      63        58        10    
C11      28        30        10   
C12      47        40        10    
C13        5        45        10    
C14      85        25        10    
C15      60        80        10    
C16      67        85        20    
C17      53        35        50    
C18      45        70        30    
C19      25        85        20   
C20      48        40        10   
F1        73        52          0   
F2        18        58          0  
Trucks' capacity    500
EVs' capacity    100
EVs' battery capaicty    70