1 78 81 82 85 83 88 87 89 1 
2 102 10 101 105 106 84 80 109 98 103 2 
2 96 97 95 94 2 
3 91 3 
4 60 59 12 79 93 33 92 86 4 
4 57 62 64 67 68 72 4 
4 104 77 12 65 43 44 42 4 
4 66 69 70 74 4 
4 71 73 76 75 63 4 
5 107 116 114 115 118 5 
5 111 99 10 90 5 
6 51 56 55 54 48 50 6 
7 112 38 135 41 47 46 45 7 
7 49 53 52 7 
8 20 133 131 134 122 126 128 8 
8 132 21 130 137 40 8 
8 129 120 121 125 8 
8 100 124 123 119 18 8 
8 58 61 12 39 136 8 
8 127 13 37 110 108 113 117 13 8 
0 5 3 0 
0 8 7 6 0 
0 4 6 1 2 3 0 
