2 96 97 93 90 92 2 
2 104 99 95 94 2 
4 60 67 65 63 59 87 86 61 4 
4 58 57 79 82 84 85 89 66 4 
4 78 77 32 105 10 101 83 80 98 103 4 
4 62 69 68 88 4 
4 17 102 32 81 106 109 100 4 
4 71 73 64 70 28 72 4 
4 14 55 76 75 74 4 
5 116 107 113 115 118 5 
5 110 108 114 117 5 
5 111 10 91 5 
7 38 41 43 47 40 44 45 7 
7 49 51 53 56 48 46 7 
7 52 7 
8 112 20 134 136 132 128 8 
8 119 120 122 124 126 131 8 
8 133 20 135 129 137 125 8 
8 130 121 15 42 8 
8 127 123 15 39 14 54 50 8 
0 8 5 2 0 
0 7 4 0 
0 4 2 0 
