D 50 150 0
S 25 25 0
S 50 25 0
S 75 25 0
S 25 50 0
S 75 50 0
S 25 75 0
S 50 75 0
S 75 75 0
F 25 25 0
F 50 25 0
F 75 25 0
F 25 50 0
F 75 50 0
F 25 75 0
F 50 75 0
F 75 75 0
F 35 35 0
F 61 37 0
F 74 39 0
F 47 57 0
F 57 65 0
F 29 59 0
F 34 71 0
F 22 58 0
F 7 61 0
F 18 41 0
F 5 39 0
F 14 20 0
F 0 26 0
F 24 25 0
F 26 6 0
F 34 20 0
F 41 5 0
F 50 9 0
F 61 14 0
F 62 21 0
F 74 30 0
C 41 49 10
C 35 17 7
C 55 45 13
C 55 20 19
C 15 30 26
C 25 30 3
C 20 50 5
C 10 43 9
C 55 60 16
C 30 60 16
C 20 65 12
C 50 35 19
C 30 25 23
C 15 10 20
C 30 5 8
C 10 20 19
C 5 30 2
C 20 40 12
C 15 60 17
C 45 65 9
C 45 20 11
C 45 10 18
C 55 5 29
C 65 35 3
C 65 20 6
C 45 30 17
C 35 40 16
C 41 37 16
C 64 42 9
C 40 60 21
C 31 52 27
C 35 69 23
C 53 52 11
C 65 55 14
C 63 65 8
C 2 60 5
C 20 20 8
C 5 5 16
C 60 12 31
C 40 25 9
C 42 7 5
C 24 12 5
C 23 3 7
C 11 14 18
C 6 38 16
C 2 48 1
C 8 56 27
C 13 52 36
C 6 68 30
C 47 47 13
C 49 58 10
C 27 43 9
C 37 31 14
C 57 29 18
C 63 23 2
C 53 12 6
C 32 12 7
C 36 26 18
C 21 24 28
C 17 34 3
C 12 24 13
C 24 58 19
C 27 69 10
C 15 77 9
C 62 77 20
C 49 73 25
C 67 5 25
C 56 39 36
C 37 47 6
C 37 56 5
C 57 68 15
C 47 16 25
C 44 17 9
C 46 13 8
C 49 11 18
C 49 42 13
C 53 43 14
C 61 52 3
C 57 48 23
C 56 37 6
C 55 54 26
C 15 47 16
C 14 37 11
C 11 31 7
C 16 22 41
C 4 18 35
C 28 18 26
C 26 52 9
C 26 35 15
C 31 67 3
C 15 19 1
C 22 22 2
C 18 24 22
C 26 27 27
C 25 24 20
C 22 27 11
C 25 21 12
C 19 21 10
C 20 26 9
C 18 18 17
