D 50 150 0
S 25 25 0
S 50 25 0
S 75 25 0
S 25 50 0
S 75 50 0
S 25 75 0
S 50 75 0
S 75 75 0
F 25 25 0
F 50 25 0
F 75 25 0
F 25 50 0
F 75 50 0
F 25 75 0
F 50 75 0
F 75 75 0
F 40 50 0
F 73 52 0
F 90 55 0
F 55 79 0
F 69 89 0
F 32 80 0
F 39 96 0
F 23 80 0
F 4 83 0
F 18 58 0
F 1 56 0
F 13 31 0
F -5 38 0
F 26 37 0
F 28 13 0
F 39 31 0
F 48 11 0
F 59 17 0
F 73 23 0
F 74 32 0
F 90 44 0
C 25 85 20
C 22 75 30
C 22 85 10
C 20 80 40
C 20 85 20
C 18 75 20
C 15 75 20
C 15 80 10
C 10 35 20
C 10 40 30
C 8 40 40
C 8 45 20
C 5 35 10
C 5 45 10
C 2 40 20
C 0 40 20
C 0 45 20
C 44 5 20
C 42 10 40
C 42 15 10
C 40 5 10
C 40 15 40
C 38 5 30
C 38 15 10
C 35 5 20
C 95 30 30
C 95 35 20
C 92 30 10
C 90 35 10
C 88 30 10
C 88 35 20
C 87 30 10
C 85 25 10
C 85 35 30
C 67 85 20
C 65 85 40
C 65 82 10
C 62 80 30
C 60 80 10
C 60 85 30
C 58 75 20
C 55 80 10
C 55 85 20
C 55 82 10
C 20 82 10
C 18 80 10
C 2 45 10
C 42 5 10
C 42 12 10
C 72 35 30
C 55 20 19
C 25 30 3
C 20 50 5
C 55 60 16
C 30 60 16
C 50 35 19
C 30 25 23
C 15 10 20
C 10 20 19
C 15 60 17
C 45 65 9
C 65 35 3
C 65 20 6
C 45 30 17
C 35 40 16
C 41 37 16
C 64 42 9
C 40 60 21
C 31 52 27
C 35 69 23
C 65 55 14
C 63 65 8
C 2 60 5
C 20 20 8
C 5 5 16
C 60 12 31
C 23 3 7
C 8 56 27
C 6 68 30
C 47 47 13
C 49 58 10
C 27 43 9
C 37 31 14
C 57 29 18
C 63 23 2
C 21 24 28
C 12 24 13
C 24 58 19
C 67 5 25
C 37 47 6
C 49 42 13
C 53 43 14
C 61 52 3
C 57 48 23
C 56 37 6
C 55 54 26
C 4 18 35
C 26 52 9
C 26 35 15
C 31 67 3
